sdpvar x1 x2 x3 x4 x5 x6 x7 x8 x9 x10 x11 x12 x13 x14 x15 x16 x17 x18 x19 x20 x21 x22 x23 x24 x25 x26 x27;
kepler0 = (( (-2/1) * x7 + ( - x20 + ( - x21 + ( - x22 + ( - x23 + ( - x24 + ( - x25 + ( - x26 + ( - x27))))))))) * x1 + ((x7 + (x8 + (x21 + (x22 + (x23 + (x24 + (x25 + (x26 + (x27))))))))) * x2 + ((x7 + (x9 + (x22 + (x23 + (x24 + (x25 + (x26 + (x27)))))))) * x3 + (( - x7 + ( - x10 + ( - x23 + ( - x24 + ( - x25 + ( - x26 + ( - x27))))))) * x4 + ((x7 + (x11 + (x24 + (x25 + (x26 + (x27)))))) * x5 + ((x7 + (x12 + (x25 + (x26 + (x27))))) * x6)))))) * x1 + ((( - x8 + ( - x9 + ( - x16 + ( - x17 + ( - x19 + ( - x27)))))) * x3 + ((x8 + (x11 + (x13 + (x15 + (x17 + (x19 + (x27))))))) * x5)) * x2 + (((x9 + (x12 + (x14 + (x15 + (x17 + (x19 + (x27))))))) * x6) * x3 + ((( - x11 + ( - x12 + ( - x18 + ( - x19 + ( - x27))))) * x6) * x5)));
err = [x7 x8 x9 x10 x11 x12 x13 x14 x15 x16 x17 x18 x19 x20 x21 x22 x23 x24 x25 x26 x27];
var = [x1 x2 x3 x4 x5 x6];
a = [4 4 4 4 4 4];
b = [6.36 6.36 6.36 6.36 6.36 6.36];

calculate_mvbeta(4, kepler0, var, a, b, err);
calculate_geneig(2, kepler0, var, a, b, err);
calculate_robustsdp(3, kepler0, var, a, b, err);
